[-0.06254214  0.06927805  0.05168387 -0.11350739 -0.04380528 -0.02061276
 -0.02025858 -0.07084862  0.15808029 -0.16526674  0.19080068 -0.03410039
 -0.20981267  0.02508861 -0.01542543  0.17390051 -0.15778449 -0.10333693
 -0.0745856  -0.07133859  0.03274033  0.05034856 -0.04382081  0.06418131
 -0.00903548 -0.34044802 -0.10741848 -0.0132436   0.06529136 -0.04120523
  0.00236463 -0.02740639 -0.17581999 -0.03055012  0.0345272   0.04991535
 -0.07710796 -0.03782014  0.23882362  0.05719131 -0.20164932 -0.0055155
  0.08152332  0.26649103  0.08115936  0.11894204  0.03368266 -0.079491
  0.09940909 -0.22371005  0.06505298  0.13889496  0.1247223   0.06271189
  0.01277803 -0.17310145  0.0569014   0.13357872 -0.22482283  0.110322
  0.12685823 -0.12651569 -0.02188078 -0.01745298  0.25586984  0.08820839
 -0.14279608 -0.15264741  0.1715249  -0.18156239 -0.05906004  0.01238874
 -0.07517415 -0.16669466 -0.3050572   0.03306049  0.42859849  0.13921264
 -0.10915472  0.02698935 -0.03120975 -0.0254819   0.13921273  0.14536709
 -0.09656596 -0.01818815 -0.03243418  0.00676933  0.19511923  0.02426529
 -0.04971459  0.14586772  0.00426077  0.07241478 -0.02174741  0.04743432
 -0.09611827 -0.01138951 -0.10053225  0.05147233 -0.05917447 -0.08024061
  0.00915726  0.12986653 -0.21943691  0.21889752 -0.02132578 -0.06558846
 -0.02162555  0.12490726 -0.11213534 -0.06899385  0.11713785 -0.24711639
  0.18322784  0.25199798  0.05438232  0.14597966  0.08676736  0.09816059
  0.03594256 -0.01404178 -0.24627535 -0.10522344  0.02503004 -0.05394605
  0.11124947  0.04493195]
[-0.09655475  0.05044543  0.1007969   0.02830767 -0.07971819 -0.07412396
 -0.03165773 -0.13598886  0.05749546 -0.14966074  0.24609476 -0.09112721
 -0.17382018 -0.03202552 -0.01472869  0.17641947 -0.08092549 -0.10749811
 -0.15167101 -0.02973683  0.03582733 -0.00942254  0.04964438  0.01178015
 -0.07641967 -0.3925769  -0.12209855 -0.06123935 -0.01593113 -0.02118608
 -0.06153036  0.04401154 -0.14475064 -0.01576111 -0.01716079  0.0484137
 -0.04372154 -0.14974153  0.20435458  0.01816093 -0.21747532  0.06084241
  0.06977281  0.18418275  0.21121059  0.0525363   0.06441213 -0.11826476
  0.09289895 -0.16402377  0.00772893  0.09917606  0.10133427  0.05487372
  0.03260313 -0.10983435  0.0448319   0.07103034 -0.15063758 -0.01300393
  0.03078558 -0.09239378 -0.03285799 -0.0864705   0.21315075  0.13800952
 -0.10801523 -0.07310177  0.13713427 -0.15528367 -0.04846246  0.01702772
 -0.17022638 -0.19685425 -0.28802899  0.05048628  0.44618025  0.09707594
 -0.17253533 -0.01186541 -0.01712966 -0.0367729   0.10593578  0.17293756
 -0.04209144 -0.1071993  -0.0803031  -0.00692005  0.24903272 -0.05952749
 -0.05001433  0.16071124 -0.01380495  0.01711132 -0.00632892  0.03833057
 -0.09106917  0.03052308 -0.05632272  0.02569087  0.01163904 -0.08456948
 -0.05528541  0.06235947 -0.1577532   0.08870336 -0.03406963 -0.03129873
  0.04762753 -0.01557698 -0.08856311 -0.04843666  0.0890307  -0.18462633
  0.14036189  0.20762223  0.01072139  0.15289471  0.10110566  0.14401403
 -0.01047444  0.04731289 -0.21557178 -0.07145476  0.08387913  0.03257699
  0.05711257  0.02087271]
